# Blender v2.76 (sub 0) OBJ File: 'building.blend'
# www.blender.org
mtllib building.mtl
o Cube.023
v -2.981262 2.216689 -0.554221
v -2.314797 2.216689 0.284714
v -1.515505 2.241591 -0.350258
v -2.181970 2.241591 -1.189193
v -2.946601 0.402028 -0.581756
v -2.280135 0.402028 0.257179
v -1.480844 0.426930 -0.377793
v -2.147309 0.426930 -1.216728
vn -0.019100 0.999700 0.015200
vn 0.019100 -0.999700 -0.015200
vn -0.782800 -0.024400 0.621800
vn 0.622000 0.000000 0.783000
vn 0.782800 0.024400 -0.621800
vn -0.622000 -0.000000 -0.783000
usemtl Material
s off
f 1//1 2//1 3//1 4//1
f 5//2 8//2 7//2 6//2
f 1//3 5//3 6//3 2//3
f 2//4 6//4 7//4 3//4
f 3//5 7//5 8//5 4//5
f 5//6 1//6 4//6 8//6
o Cube.022
v -2.542391 1.074837 -1.002333
v -1.875926 1.074837 -0.163398
v -1.076634 1.099739 -0.798370
v -1.743099 1.099739 -1.637305
v -2.507730 -0.739825 -1.029868
v -1.841265 -0.739825 -0.190933
v -1.041973 -0.714923 -0.825905
v -1.708438 -0.714923 -1.664840
vn -0.019100 0.999700 0.015200
vn 0.019100 -0.999700 -0.015200
vn -0.782800 -0.024400 0.621800
vn 0.622000 0.000000 0.783000
vn 0.782800 0.024400 -0.621800
vn -0.622000 -0.000000 -0.783000
usemtl Material
s off
f 9//7 10//7 11//7 12//7
f 13//8 16//8 15//8 14//8
f 9//9 13//9 14//9 10//9
f 10//10 14//10 15//10 11//10
f 11//11 15//11 16//11 12//11
f 13//12 9//12 12//12 16//12
o Cube.021
v -2.443099 1.474454 -1.787153
v -1.776634 1.474454 -0.948218
v -0.977342 1.499356 -1.583189
v -1.643807 1.499356 -2.422125
v -2.408438 -0.340207 -1.814688
v -1.741973 -0.340207 -0.975753
v -0.942681 -0.315306 -1.610725
v -1.609146 -0.315306 -2.449660
vn -0.019100 0.999700 0.015200
vn 0.019100 -0.999700 -0.015200
vn -0.782800 -0.024400 0.621800
vn 0.622000 0.000000 0.783000
vn 0.782800 0.024400 -0.621800
vn -0.622000 -0.000000 -0.783000
usemtl Material
s off
f 17//13 18//13 19//13 20//13
f 21//14 24//14 23//14 22//14
f 17//15 21//15 22//15 18//15
f 18//16 22//16 23//16 19//16
f 19//17 23//17 24//17 20//17
f 21//18 17//18 20//18 24//18
o Cube.020
v -2.881970 2.616306 -1.339041
v -2.215505 2.616306 -0.500106
v -1.416213 2.641208 -1.135078
v -2.082678 2.641208 -1.974013
v -2.847309 0.801645 -1.366576
v -2.180843 0.801645 -0.527641
v -1.381552 0.826547 -1.162613
v -2.048017 0.826547 -2.001548
vn -0.019100 0.999700 0.015200
vn 0.019100 -0.999700 -0.015200
vn -0.782800 -0.024400 0.621800
vn 0.622000 0.000000 0.783000
vn 0.782800 0.024400 -0.621800
vn -0.622000 -0.000000 -0.783000
usemtl Material
s off
f 25//19 26//19 27//19 28//19
f 29//20 32//20 31//20 30//20
f 25//21 29//21 30//21 26//21
f 26//22 30//22 31//22 27//22
f 27//23 31//23 32//23 28//23
f 29//24 25//24 28//24 32//24
o Cube.019
v -2.881970 2.616306 -1.339041
v -2.215505 2.616306 -0.500106
v -1.416213 2.641208 -1.135078
v -2.082678 2.641208 -1.974013
v -2.847309 0.801645 -1.366576
v -2.180843 0.801645 -0.527641
v -1.381552 0.826547 -1.162613
v -2.048017 0.826547 -2.001548
vn -0.019100 0.999700 0.015200
vn 0.019100 -0.999700 -0.015200
vn -0.782800 -0.024400 0.621800
vn 0.622000 0.000000 0.783000
vn 0.782800 0.024400 -0.621800
vn -0.622000 -0.000000 -0.783000
usemtl Material
s off
f 33//25 34//25 35//25 36//25
f 37//26 40//26 39//26 38//26
f 33//27 37//27 38//27 34//27
f 34//28 38//28 39//28 35//28
f 35//29 39//29 40//29 36//29
f 37//30 33//30 36//30 40//30
o Cube.018
v -2.443099 1.474454 -1.787153
v -1.776634 1.474454 -0.948218
v -0.977342 1.499356 -1.583189
v -1.643807 1.499356 -2.422125
v -2.408438 -0.340207 -1.814688
v -1.741973 -0.340207 -0.975753
v -0.942681 -0.315306 -1.610725
v -1.609146 -0.315306 -2.449660
vn -0.019100 0.999700 0.015200
vn 0.019100 -0.999700 -0.015200
vn -0.782800 -0.024400 0.621800
vn 0.622000 0.000000 0.783000
vn 0.782800 0.024400 -0.621800
vn -0.622000 -0.000000 -0.783000
usemtl Material
s off
f 41//31 42//31 43//31 44//31
f 45//32 48//32 47//32 46//32
f 41//33 45//33 46//33 42//33
f 42//34 46//34 47//34 43//34
f 43//35 47//35 48//35 44//35
f 45//36 41//36 44//36 48//36
o Cube.017
v -2.542391 1.074837 -1.002333
v -1.875926 1.074837 -0.163398
v -1.076634 1.099739 -0.798370
v -1.743099 1.099739 -1.637305
v -2.507730 -0.739825 -1.029868
v -1.841265 -0.739825 -0.190933
v -1.041973 -0.714923 -0.825905
v -1.708438 -0.714923 -1.664840
vn -0.019100 0.999700 0.015200
vn 0.019100 -0.999700 -0.015200
vn -0.782800 -0.024400 0.621800
vn 0.622000 0.000000 0.783000
vn 0.782800 0.024400 -0.621800
vn -0.622000 -0.000000 -0.783000
usemtl Material
s off
f 49//37 50//37 51//37 52//37
f 53//38 56//38 55//38 54//38
f 49//39 53//39 54//39 50//39
f 50//40 54//40 55//40 51//40
f 51//41 55//41 56//41 52//41
f 53//42 49//42 52//42 56//42
o Cube.016
v -2.981262 2.216689 -0.554221
v -2.314797 2.216689 0.284714
v -1.515505 2.241591 -0.350258
v -2.181970 2.241591 -1.189193
v -2.946601 0.402028 -0.581756
v -2.280135 0.402028 0.257179
v -1.480844 0.426930 -0.377793
v -2.147309 0.426930 -1.216728
vn -0.019100 0.999700 0.015200
vn 0.019100 -0.999700 -0.015200
vn -0.782800 -0.024400 0.621800
vn 0.622000 0.000000 0.783000
vn 0.782800 0.024400 -0.621800
vn -0.622000 -0.000000 -0.783000
usemtl Material
s off
f 57//43 58//43 59//43 60//43
f 61//44 64//44 63//44 62//44
f 57//45 61//45 62//45 58//45
f 58//46 62//46 63//46 59//46
f 59//47 63//47 64//47 60//47
f 61//48 57//48 60//48 64//48
o Cube.015
v -3.424438 3.228675 -1.558017
v -2.757973 3.228675 -0.719081
v -1.958681 3.253577 -1.354053
v -2.625146 3.253577 -2.192989
v -3.389777 1.414014 -1.585552
v -2.723312 1.414014 -0.746617
v -1.924020 1.438916 -1.381589
v -2.590485 1.438916 -2.220524
vn -0.019100 0.999700 0.015200
vn 0.019100 -0.999700 -0.015200
vn -0.782800 -0.024400 0.621800
vn 0.622000 -0.000000 0.783000
vn 0.782800 0.024400 -0.621800
vn -0.622000 -0.000000 -0.783000
usemtl Material
s off
f 65//49 66//49 67//49 68//49
f 69//50 72//50 71//50 70//50
f 65//51 69//51 70//51 66//51
f 66//52 70//52 71//52 67//52
f 67//53 71//53 72//53 68//53
f 69//54 65//54 68//54 72//54
o Cube.014
v -2.985568 2.086823 -2.006129
v -2.319102 2.086823 -1.167193
v -1.519810 2.111725 -1.802165
v -2.186276 2.111725 -2.641100
v -2.950907 0.272161 -2.033663
v -2.284441 0.272161 -1.194728
v -1.485149 0.297063 -1.829700
v -2.151615 0.297063 -2.668636
vn -0.019100 0.999700 0.015200
vn 0.019100 -0.999700 -0.015200
vn -0.782800 -0.024400 0.621800
vn 0.622000 0.000000 0.783000
vn 0.782800 0.024400 -0.621800
vn -0.622000 -0.000000 -0.783000
usemtl Material
s off
f 73//55 74//55 75//55 76//55
f 77//56 80//56 79//56 78//56
f 73//57 77//57 78//57 74//57
f 74//58 78//58 79//58 75//58
f 75//59 79//59 80//59 76//59
f 77//60 73//60 76//60 80//60
o Cube.013
v -3.267042 4.381281 -1.098311
v -2.600577 4.381281 -0.259375
v -1.801285 4.406183 -0.894347
v -2.467750 4.406183 -1.733283
v -3.232381 2.566619 -1.125846
v -2.565916 2.566619 -0.286911
v -1.766624 2.591521 -0.921883
v -2.433089 2.591521 -1.760818
vn -0.019100 0.999700 0.015200
vn 0.019100 -0.999700 -0.015200
vn -0.782800 -0.024400 0.621800
vn 0.622000 0.000000 0.783000
vn 0.782800 0.024400 -0.621800
vn -0.622000 -0.000000 -0.783000
usemtl Material
s off
f 81//61 82//61 83//61 84//61
f 85//62 88//62 87//62 86//62
f 81//63 85//63 86//63 82//63
f 82//64 86//64 87//64 83//64
f 83//65 87//65 88//65 84//65
f 85//66 81//66 84//66 88//66
o Cube.012
v -2.523116 3.635936 -1.025532
v -1.856651 3.635936 -0.186597
v -1.057359 3.660838 -0.821569
v -1.723825 3.660838 -1.660504
v -2.488455 1.821275 -1.053067
v -1.821990 1.821275 -0.214132
v -1.022698 1.846176 -0.849104
v -1.689163 1.846176 -1.688040
vn -0.019100 0.999700 0.015200
vn 0.019100 -0.999700 -0.015200
vn -0.782800 -0.024400 0.621800
vn 0.622000 0.000000 0.783000
vn 0.782800 0.024400 -0.621800
vn -0.622000 -0.000000 -0.783000
usemtl Material
s off
f 89//67 90//67 91//67 92//67
f 93//68 96//68 95//68 94//68
f 89//69 93//69 94//69 90//69
f 90//70 94//70 95//70 91//70
f 91//71 95//71 96//71 92//71
f 93//72 89//72 92//72 96//72
o Cube.011
v -2.793397 7.717099 -1.108575
v -2.010458 7.717099 -0.123025
v -1.071479 7.746353 -0.868967
v -1.854418 7.746352 -1.854517
v -2.752678 5.585301 -1.140922
v -1.969739 5.585301 -0.155372
v -1.030761 5.614555 -0.901314
v -1.813700 5.614554 -1.886864
vn -0.019100 0.999700 0.015200
vn 0.019100 -0.999700 -0.015200
vn -0.782800 -0.024400 0.621800
vn 0.622000 0.000000 0.783000
vn 0.782800 0.024400 -0.621800
vn -0.622000 -0.000000 -0.783000
usemtl Material
s off
f 97//73 98//73 99//73 100//73
f 101//74 104//74 103//74 102//74
f 97//75 101//75 102//75 98//75
f 98//76 102//76 103//76 99//76
f 99//77 103//77 104//77 100//77
f 101//78 97//78 100//78 104//78
o Cube.010
v -3.667333 8.592703 -1.194073
v -2.884395 8.592703 -0.208522
v -1.945416 8.621956 -0.954464
v -2.728355 8.621956 -1.940014
v -3.626615 6.460905 -1.226420
v -2.843676 6.460905 -0.240870
v -1.904698 6.490159 -0.986811
v -2.687636 6.490158 -1.972362
vn -0.019100 0.999700 0.015200
vn 0.019100 -0.999700 -0.015200
vn -0.782800 -0.024400 0.621800
vn 0.622000 -0.000000 0.783000
vn 0.782800 0.024400 -0.621800
vn -0.622000 -0.000000 -0.783000
usemtl Material
s off
f 105//79 106//79 107//79 108//79
f 109//80 112//80 111//80 110//80
f 105//81 109//81 110//81 106//81
f 106//82 110//82 111//82 107//82
f 107//83 111//83 112//83 108//83
f 109//84 105//84 108//84 112//84
o Cube.009
v -3.336667 5.897257 -2.260544
v -2.553729 5.897257 -1.274993
v -1.614750 5.926511 -2.020935
v -2.397689 5.926511 -3.006485
v -3.295949 3.765460 -2.292891
v -2.513010 3.765460 -1.307341
v -1.574032 3.794713 -2.053282
v -2.356970 3.794713 -3.038832
vn -0.019100 0.999700 0.015200
vn 0.019100 -0.999700 -0.015200
vn -0.782800 -0.024400 0.621800
vn 0.622000 0.000000 0.783000
vn 0.782800 0.024400 -0.621800
vn -0.622000 -0.000000 -0.783000
usemtl Material
s off
f 113//85 114//85 115//85 116//85
f 117//86 120//86 119//86 118//86
f 113//87 117//87 118//87 114//87
f 114//88 118//88 119//88 115//88
f 115//89 119//89 120//89 116//89
f 117//90 113//90 116//90 120//90
o Cube.008
v -3.852237 7.238664 -1.734118
v -3.069298 7.238664 -0.748568
v -2.130319 7.267918 -1.494510
v -2.913258 7.267918 -2.480060
v -3.811518 5.106866 -1.766465
v -3.028579 5.106866 -0.780915
v -2.089601 5.136120 -1.526857
v -2.872540 5.136120 -2.512407
vn -0.019100 0.999700 0.015200
vn 0.019100 -0.999700 -0.015200
vn -0.782800 -0.024400 0.621800
vn 0.622000 -0.000000 0.783000
vn 0.782800 0.024400 -0.621800
vn -0.622000 -0.000000 -0.783000
usemtl Material
s off
f 121//91 122//91 123//91 124//91
f 125//92 128//92 127//92 126//92
f 121//93 125//93 126//93 122//93
f 122//94 126//94 127//94 123//94
f 123//95 127//95 128//95 124//95
f 125//96 121//96 124//96 128//96
o Cube.007
v -3.331609 6.049820 -0.554896
v -2.548671 6.049820 0.430654
v -1.609692 6.079074 -0.315288
v -2.392631 6.079074 -1.300838
v -3.290891 3.918022 -0.587243
v -2.507952 3.918022 0.398307
v -1.568974 3.947276 -0.347635
v -2.351912 3.947276 -1.333185
vn -0.019100 0.999700 0.015200
vn 0.019100 -0.999700 -0.015200
vn -0.782800 -0.024400 0.621800
vn 0.622000 0.000000 0.783000
vn 0.782800 0.024400 -0.621800
vn -0.622000 -0.000000 -0.783000
usemtl Material
s off
f 129//97 130//97 131//97 132//97
f 133//98 136//98 135//98 134//98
f 129//99 133//99 134//99 130//99
f 130//100 134//100 135//100 131//100
f 131//101 135//101 136//101 132//101
f 133//102 129//102 132//102 136//102
o Cube.006
v -2.816040 4.708414 -1.081321
v -2.033101 4.708414 -0.095771
v -1.094122 4.737668 -0.841713
v -1.877061 4.737667 -1.827263
v -2.775322 2.576616 -1.113668
v -1.992383 2.576616 -0.128118
v -1.053404 2.605870 -0.874060
v -1.836343 2.605870 -1.859610
vn -0.019100 0.999700 0.015200
vn 0.019100 -0.999700 -0.015200
vn -0.782800 -0.024400 0.621800
vn 0.622000 0.000000 0.783000
vn 0.782800 0.024400 -0.621800
vn -0.622000 -0.000000 -0.783000
usemtl Material
s off
f 137//103 138//103 139//103 140//103
f 141//104 144//104 143//104 142//104
f 137//105 141//105 142//105 138//105
f 138//106 142//106 143//106 139//106
f 139//107 143//107 144//107 140//107
f 141//108 137//108 140//108 144//108
o Cube.005
v -2.699395 5.177869 -2.003299
v -1.916457 5.177869 -1.017749
v -0.977478 5.207123 -1.763690
v -1.760417 5.207123 -2.749240
v -2.658677 3.046072 -2.035646
v -1.875738 3.046072 -1.050096
v -0.936759 3.075325 -1.796038
v -1.719698 3.075325 -2.781588
vn -0.019100 0.999700 0.015200
vn 0.019100 -0.999700 -0.015200
vn -0.782800 -0.024400 0.621800
vn 0.622000 0.000000 0.783000
vn 0.782800 0.024400 -0.621800
vn -0.622000 -0.000000 -0.783000
usemtl Material
s off
f 145//109 146//109 147//109 148//109
f 149//110 152//110 151//110 150//110
f 145//111 149//111 150//111 146//111
f 146//112 150//112 151//112 147//112
f 147//113 151//113 152//113 148//113
f 149//114 145//114 148//114 152//114
o Cube.004
v -3.214965 6.519275 -1.476874
v -2.432026 6.519275 -0.491324
v -1.493047 6.548529 -1.237265
v -2.275986 6.548529 -2.222816
v -3.174246 4.387477 -1.509221
v -2.391307 4.387478 -0.523671
v -1.452329 4.416731 -1.269613
v -2.235268 4.416731 -2.255163
vn -0.019100 0.999700 0.015200
vn 0.019100 -0.999700 -0.015200
vn -0.782800 -0.024400 0.621800
vn 0.622000 0.000000 0.783000
vn 0.782800 0.024400 -0.621800
vn -0.622000 -0.000000 -0.783000
usemtl Material
s off
f 153//115 154//115 155//115 156//115
f 157//116 160//116 159//116 158//116
f 153//117 157//117 158//117 154//117
f 154//118 158//118 159//118 155//118
f 155//119 159//119 160//119 156//119
f 157//120 153//120 156//120 160//120
o Cube.003
v -3.214965 6.519275 -1.476874
v -2.432026 6.519275 -0.491324
v -1.493047 6.548529 -1.237265
v -2.275986 6.548529 -2.222816
v -3.174246 4.387477 -1.509221
v -2.391307 4.387478 -0.523671
v -1.452329 4.416731 -1.269613
v -2.235268 4.416731 -2.255163
vn -0.019100 0.999700 0.015200
vn 0.019100 -0.999700 -0.015200
vn -0.782800 -0.024400 0.621800
vn 0.622000 0.000000 0.783000
vn 0.782800 0.024400 -0.621800
vn -0.622000 -0.000000 -0.783000
usemtl Material
s off
f 161//121 162//121 163//121 164//121
f 165//122 168//122 167//122 166//122
f 161//123 165//123 166//123 162//123
f 162//124 166//124 167//124 163//124
f 163//125 167//125 168//125 164//125
f 165//126 161//126 164//126 168//126
o Cube.002
v -2.699395 5.177869 -2.003299
v -1.916457 5.177869 -1.017749
v -0.977478 5.207123 -1.763690
v -1.760417 5.207123 -2.749240
v -2.658677 3.046072 -2.035646
v -1.875738 3.046072 -1.050096
v -0.936759 3.075325 -1.796038
v -1.719698 3.075325 -2.781588
vn -0.019100 0.999700 0.015200
vn 0.019100 -0.999700 -0.015200
vn -0.782800 -0.024400 0.621800
vn 0.622000 0.000000 0.783000
vn 0.782800 0.024400 -0.621800
vn -0.622000 -0.000000 -0.783000
usemtl Material
s off
f 169//127 170//127 171//127 172//127
f 173//128 176//128 175//128 174//128
f 169//129 173//129 174//129 170//129
f 170//130 174//130 175//130 171//130
f 171//131 175//131 176//131 172//131
f 173//132 169//132 172//132 176//132
o Cube.001
v -2.816040 4.708414 -1.081321
v -2.033101 4.708414 -0.095771
v -1.094122 4.737668 -0.841713
v -1.877061 4.737667 -1.827263
v -2.775322 2.576616 -1.113668
v -1.992383 2.576616 -0.128118
v -1.053404 2.605870 -0.874060
v -1.836343 2.605870 -1.859610
vn -0.019100 0.999700 0.015200
vn 0.019100 -0.999700 -0.015200
vn -0.782800 -0.024400 0.621800
vn 0.622000 0.000000 0.783000
vn 0.782800 0.024400 -0.621800
vn -0.622000 -0.000000 -0.783000
usemtl Material
s off
f 177//133 178//133 179//133 180//133
f 181//134 184//134 183//134 182//134
f 177//135 181//135 182//135 178//135
f 178//136 182//136 183//136 179//136
f 179//137 183//137 184//137 180//137
f 181//138 177//138 180//138 184//138
o Cube
v -3.331609 6.049820 -0.554896
v -2.548671 6.049820 0.430654
v -1.609692 6.079074 -0.315288
v -2.392631 6.079074 -1.300838
v -3.290891 3.918022 -0.587243
v -2.507952 3.918022 0.398307
v -1.568974 3.947276 -0.347635
v -2.351912 3.947276 -1.333185
vn -0.019100 0.999700 0.015200
vn 0.019100 -0.999700 -0.015200
vn -0.782800 -0.024400 0.621800
vn 0.622000 0.000000 0.783000
vn 0.782800 0.024400 -0.621800
vn -0.622000 -0.000000 -0.783000
usemtl Material
s off
f 185//139 186//139 187//139 188//139
f 189//140 192//140 191//140 190//140
f 185//141 189//141 190//141 186//141
f 186//142 190//142 191//142 187//142
f 187//143 191//143 192//143 188//143
f 189//144 185//144 188//144 192//144
